//Covarrubias Olivares Jose Refugio
//Gomez Jauregui Johana Guadalupe
//Gomez Ramirez Ikaro Adrian
//Hernandez Cristobal Alan

[1] Crear vector aleatorio
[2] Sumar contenido de vector
[3] Promedio de vector
[4] Maximo de vector
[5] Minimo de vector
[0] Salir
1
Vector creado: [ 294 ][ 316 ][ 682 ][ 477 ][ 396 ][ 789 ][ 553 ][ 609 ][ 894 ][ 641 ][ 103 ][ 734 ][ 326 ][ 645 ][ 509 ][ 371 ][ 69 ][ 343 ][ 774 ][ 537 ][ 87 ][ 210 ][ 748 ][ 93 ][ 260 ][ 602 ][ 342 ][ 4 ][ 853 ][ 763 ][ 578 ][ 376 ][ 447 ][ 742 ][ 632 ][ 49 ][ 575 ][ 880 ][ 671 ][ 225 ][ 768 ][ 579 ][ 340 ][ 846 ][ 823 ][ 915 ][ 810 ][ 416 ][ 988 ][ 675 ][ 402 ][ 329 ][ 772 ][ 369 ][ 957 ][ 677 ][ 932 ][ 885 ][ 44 ][ 991 ][ 478 ][ 388 ][ 862 ][ 595 ][ 856 ][ 61 ][ 24 ][ 966 ][ 776 ][ 156 ][ 250 ][ 466 ][ 37 ][ 472 ][ 421 ][ 622 ][ 31 ][ 42 ][ 437 ][ 570 ][ 576 ][ 199 ][ 157 ][ 899 ][ 134 ][ 247 ][ 443 ][ 761 ][ 242 ][ 403 ][ 483 ][ 870 ][ 438 ][ 275 ][ 733 ][ 720 ][ 482 ][ 651 ][ 797 ][ 524 ][ 998 ][ 642 ][ 159 ][ 256 ][ 924 ][ 152 ][ 287 ][ 486 ][ 364 ][ 801 ][ 350 ][ 118 ][ 82 ][ 188 ][ 913 ][ 582 ][ 382 ][ 731 ][ 974 ][ 756 ][ 879 ][ 928 ][ 673 ][ 679 ][ 696 ][ 976 ][ 234 ][ 634 ][ 174 ][ 513 ][ 997 ][ 65 ][ 727 ][ 309 ][ 591 ][ 583 ][ 341 ][ 418 ][ 105 ][ 349 ][ 967 ][ 773 ][ 597 ][ 67 ][ 85 ][ 814 ][ 841 ][ 871 ][ 212 ][ 826 ][ 144 ][ 117 ][ 842 ][ 56 ][ 697 ][ 664 ][ 990 ][ 822 ][ 158 ][ 872 ][ 239 ][ 15 ][ 608 ][ 839 ][ 752 ][ 836 ][ 262 ][ 864 ][ 269 ][ 640 ][ 726 ][ 410 ][ 939 ][ 299 ][ 911 ][ 702 ][ 175 ][ 219 ][ 389 ][ 813 ][ 674 ][ 983 ][ 935 ][ 882 ][ 806 ][ 163 ][ 527 ][ 912 ][ 577 ][ 333 ][ 628 ][ 678 ][ 35 ][ 318 ][ 373 ][ 565 ][ 530 ][ 688 ][ 229 ][ 148 ][ 540 ][ 654 ][ 446 ][ 655 ][ 204 ][ 981 ][ 963 ][ 319 ][ 566 ][ 449 ][ 11 ][ 663 ][ 227 ][ 231 ][ 337 ][ 951 ][ 183 ][ 953 ][ 292 ][ 484 ][ 424 ][ 528 ][ 751 ][ 865 ][ 187 ][ 716 ][ 787 ][ 228 ][ 363 ][ 555 ][ 459 ][ 266 ][ 613 ][ 404 ][ 348 ][ 14 ][ 205 ][ 100 ][ 647 ][ 559 ][ 711 ][ 738 ][ 845 ][ 317 ][ 694 ][ 605 ][ 940 ][ 658 ][ 562 ][ 125 ][ 68 ][ 91 ][ 60 ][ 22 ][ 931 ][ 298 ][ 485 ][ 141 ][ 825 ][ 659 ][ 811 ][ 937 ][ 415 ][ 132 ][ 39 ][ 474 ][ 554 ][ 467 ][ 330 ][ 533 ][ 116 ][ 2 ][ 708 ][ 137 ][ 209 ][ 453 ][ 962 ][ 586 ][ 941 ][ 873 ][ 863 ][ 506 ][ 191 ][ 259 ][ 815 ][ 325 ][ 267 ][ 261 ][ 243 ][ 800 ][ 475 ][ 956 ][ 785 ][ 264 ][ 693 ][ 375 ][ 598 ][ 181 ][ 165 ][ 514 ][ 497 ][ 920 ][ 816 ][ 765 ][ 361 ][ 557 ][ 200 ][ 736 ][ 113 ][ 666 ][ 914 ][ 13 ][ 710 ][ 984 ][ 668 ][ 444 ][ 310 ][ 657 ][ 502 ][ 7 ][ 23 ][ 384 ][ 320 ][ 855 ][ 889 ][ 895 ][ 394 ][ 857 ][ 601 ][ 771 ][ 413 ][ 910 ][ 922 ][ 90 ][ 942 ][ 5 ][ 431 ][ 830 ][ 943 ][ 819 ][ 618 ][ 986 ][ 610 ][ 214 ][ 492 ][ 368 ][ 270 ][ 362 ][ 653 ][ 571 ][ 233 ][ 728 ][ 558 ][ 994 ][ 700 ][ 888 ][ 455 ][ 760 ][ 847 ][ 54 ][ 849 ][ 905 ][ 172 ][ 593 ][ 127 ][ 48 ][ 312 ][ 948 ][ 218 ][ 303 ][ 874 ][ 136 ][ 274 ][ 858 ][ 511 ][ 154 ][ 405 ][ 414 ][ 680 ][ 744 ][ 201 ][ 58 ][ 3 ][ 257 ][ 110 ][ 860 ][ 805 ][ 6 ][ 538 ][ 779 ][ 461 ][ 594 ][ 568 ][ 712 ][ 62 ][ 377 ][ 908 ][ 357 ][ 723 ][ 739 ][ 817 ][ 71 ][ 184 ][ 633 ][ 904 ][ 831 ][ 409 ][ 572 ][ 669 ][ 479 ][ 169 ][ 359 ][ 969 ][ 94 ][ 556 ][ 73 ][ 207 ][ 146 ][ 345 ][ 824 ][ 302 ][ 980 ][ 290 ][ 518 ][ 248 ][ 50 ][ 120 ][ 770 ][ 978 ][ 190 ][ 430 ][ 989 ][ 866 ][ 286 ][ 399 ][ 456 ][ 892 ][ 268 ][ 481 ][ 638 ][ 107 ][ 182 ][ 510 ][ 162 ][ 783 ][ 861 ][ 392 ][ 737 ][ 746 ][ 878 ][ 112 ][ 851 ][ 795 ][ 381 ][ 695 ][ 503 ][ 171 ][ 448 ][ 829 ][ 512 ][ 592 ][ 38 ][ 906 ][ 762 ][ 947 ][ 490 ][ 995 ][ 929 ][ 194 ][ 709 ][ 336 ][ 843 ][ 454 ][ 278 ][ 434 ][ 291 ][ 985 ][ 433 ][ 59 ][ 166 ][ 686 ][ 17 ][ 616 ][ 504 ][ 685 ][ 840 ][ 970 ][ 313 ][ 135 ][ 625 ][ 887 ][ 255 ][ 790 ][ 338 ][ 977 ][ 252 ][ 236 ][ 539 ][ 780 ][ 656 ][ 549 ][ 525 ][ 499 ][ 289 ][ 775 ][ 766 ][ 546 ][ 198 ][ 27 ][ 126 ][ 167 ][ 617 ][ 41 ][ 890 ][ 615 ][ 715 ][ 759 ][ 706 ][ 898 ][ 916 ][ 423 ][ 293 ][ 919 ][ 541 ][ 996 ][ 168 ][ 918 ][ 279 ][ 636 ][ 151 ][ 79 ][ 689 ][ 600 ][ 355 ][ 945 ][ 589 ][ 590 ][ 288 ][ 639 ][ 505 ][ 33 ][ 687 ][ 76 ][ 138 ][ 876 ][ 476 ][ 104 ][ 88 ][ 993 ][ 324 ][ 356 ][ 45 ][ 607 ][ 115 ][ 828 ][ 114 ][ 614 ][ 729 ][ 468 ][ 799 ][ 854 ][ 428 ][ 180 ][ 782 ][ 374 ][ 111 ][ 429 ][ 283 ][ 701 ][ 498 ][ 372 ][ 178 ][ 457 ][ 808 ][ 74 ][ 26 ][ 690 ][ 992 ][ 721 ][ 147 ][ 743 ][ 246 ][ 276 ][ 327 ][ 488 ][ 750 ][ 523 ][ 222 ][ 352 ][ 767 ][ 921 ][ 567 ][ 458 ][ 25 ][ 684 ][ 631 ][ 903 ][ 432 ][ 683 ][ 282 ][ 315 ][ 9 ][ 796 ][ 507 ][ 662 ][ 220 ][ 955 ][ 245 ][ 206 ][ 954 ][ 18 ][ 531 ][ 1000 ][ 297 ][ 380 ][ 987 ][ 235 ][ 580 ][ 177 ][ 128 ][ 153 ][ 176 ][ 837 ][ 821 ][ 501 ][ 366 ][ 244 ][ 804 ][ 852 ][ 72 ][ 585 ][ 643 ][ 131 ][ 705 ][ 719 ][ 867 ][ 425 ][ 463 ][ 649 ][ 960 ][ 52 ][ 703 ][ 420 ][ 240 ][ 358 ][ 344 ][ 253 ][ 515 ][ 588 ][ 844 ][ 139 ][ 606 ][ 32 ][ 788 ][ 314 ][ 142 ][ 745 ][ 391 ][ 215 ][ 520 ][ 119 ][ 620 ][ 321 ][ 51 ][ 536 ][ 378 ][ 722 ][ 707 ][ 387 ][ 435 ][ 385 ][ 487 ][ 271 ][ 436 ][ 407 ][ 185 ][ 20 ][ 999 ][ 786 ][ 460 ][ 123 ][ 732 ][ 66 ][ 122 ][ 308 ][ 665 ][ 907 ][ 70 ][ 473 ][ 599 ][ 249 ][ 238 ][ 699 ][ 926 ][ 794 ][ 629 ][ 875 ][ 57 ][ 265 ][ 84 ][ 34 ][ 46 ][ 545 ][ 47 ][ 494 ][ 496 ][ 272 ][ 63 ][ 971 ][ 637 ][ 949 ][ 101 ][ 661 ][ 850 ][ 462 ][ 81 ][ 884 ][ 517 ][ 670 ][ 124 ][ 86 ][ 83 ][ 757 ][ 747 ][ 305 ][ 491 ][ 561 ][ 307 ][ 548 ][ 30 ][ 202 ][ 160 ][ 818 ][ 121 ][ 109 ][ 417 ][ 952 ][ 807 ][ 78 ][ 754 ][ 755 ][ 19 ][ 16 ][ 550 ][ 40 ][ 221 ][ 791 ][ 778 ][ 584 ][ 353 ][ 411 ][ 439 ][ 397 ][ 470 ][ 471 ][ 406 ][ 730 ][ 563 ][ 979 ][ 793 ][ 365 ][ 612 ][ 322 ][ 258 ][ 897 ][ 896 ][ 237 ][ 883 ][ 630 ][ 803 ][ 552 ][ 10 ][ 230 ][ 718 ][ 621 ][ 543 ][ 29 ][ 667 ][ 295 ][ 704 ][ 802 ][ 480 ][ 263 ][ 972 ][ 208 ][ 465 ][ 393 ][ 395 ][ 55 ][ 927 ][ 542 ][ 427 ][ 581 ][ 848 ][ 564 ][ 812 ][ 832 ][ 596 ][ 660 ][ 386 ][ 968 ][ 311 ][ 635 ][ 254 ][ 493 ][ 164 ][ 961 ][ 936 ][ 713 ][ 603 ][ 155 ][ 925 ][ 217 ][ 133 ][ 724 ][ 400 ][ 692 ][ 412 ][ 161 ][ 717 ][ 587 ][ 516 ][ 838 ][ 820 ][ 827 ][ 197 ][ 331 ][ 351 ][ 347 ][ 741 ][ 277 ][ 933 ][ 383 ][ 547 ][ 809 ][ 740 ][ 323 ][ 909 ][ 573 ][ 934 ][ 451 ][ 560 ][ 735 ][ 354 ][ 173 ][ 328 ][ 189 ][ 781 ][ 96 ][ 211 ][ 441 ][ 672 ][ 930 ][ 102 ][ 195 ][ 170 ][ 623 ][ 959 ][ 216 ][ 98 ][ 469 ][ 681 ][ 869 ][ 203 ][ 551 ][ 301 ][ 130 ][ 186 ][ 306 ][ 232 ][ 508 ][ 224 ][ 917 ][ 965 ][ 950 ][ 75 ][ 334 ][ 975 ][ 223 ][ 938 ][ 143 ][ 426 ][ 149 ][ 532 ][ 192 ][ 21 ][ 900 ][ 627 ][ 958 ][ 624 ][ 1 ][ 80 ][ 422 ][ 522 ][ 574 ][ 213 ][ 758 ][ 798 ][ 500 ][ 777 ][ 877 ][ 648 ][ 749 ][ 792 ][ 339 ][ 398 ][ 519 ][ 619 ][ 335 ][ 360 ][ 859 ][ 273 ][ 150 ][ 753 ][ 95 ][ 604 ][ 698 ][ 281 ][ 140 ][ 440 ][ 445 ][ 901 ][ 370 ][ 92 ][ 881 ][ 285 ][ 652 ][ 442 ][ 535 ][ 251 ][ 452 ][ 53 ][ 97 ][ 464 ][ 944 ][ 296 ][ 226 ][ 544 ][ 644 ][ 626 ][ 725 ][ 886 ][ 982 ][ 8 ][ 495 ][ 964 ][ 129 ][ 106 ][ 834 ][ 973 ][ 419 ][ 569 ][ 923 ][ 529 ][ 12 ][ 43 ][ 28 ][ 714 ][ 521 ][ 241 ][ 450 ][ 764 ][ 946 ][ 89 ][ 401 ][ 332 ][ 193 ][ 64 ][ 646 ][ 179 ][ 99 ][ 891 ][ 833 ][ 300 ][ 196 ][ 108 ][ 284 ][ 769 ][ 36 ][ 784 ][ 304 ][ 367 ][ 526 ][ 77 ][ 379 ][ 534 ][ 676 ][ 893 ][ 408 ][ 650 ][ 489 ][ 145 ][ 346 ][ 390 ][ 868 ][ 835 ][ 691 ][ 611 ][ 902 ][ 280 ]

Matriz distribuida creada en 0.3151 segundos

[1] Crear vector aleatorio
[2] Sumar contenido de vector
[3] Promedio de vector
[4] Maximo de vector
[5] Minimo de vector
[0] Salir
2


Suma de todos los elementos del vector = 500500
Tiempo para sumar: 0.0058 segundos
[1] Crear vector aleatorio
[2] Sumar contenido de vector
[3] Promedio de vector
[4] Maximo de vector
[5] Minimo de vector
[0] Salir
3


Promedio de todos los elementos del vector = 500.50
Tiempo para calcular promedio: 0.0072 segundos
[1] Crear vector aleatorio
[2] Sumar contenido de vector
[3] Promedio de vector
[4] Maximo de vector
[5] Minimo de vector
[0] Salir
4


Maximo de todos los elementos del vector = 1000
Tiempo para calcular maximo: 0.0070 segundos
[1] Crear vector aleatorio
[2] Sumar contenido de vector
[3] Promedio de vector
[4] Maximo de vector
[5] Minimo de vector
[0] Salir
5


Minimo de todos los elementos del vector = 1
Tiempo para calcular minimo: 0.0068 segundos
[1] Crear vector aleatorio
[2] Sumar contenido de vector
[3] Promedio de vector
[4] Maximo de vector
[5] Minimo de vector
[0] Salir
0

Process returned 0 (0x0)   execution time : 7.623 s
Press any key to continue.
